750
339 339
474 474
470 470
861 861
795 795
543 543
20 20
581 581
105 105
947 947
200 200
259 259
521 521
407 407
740 740
993 993
813 813
144 144
49 49
816 816
401 401
91 91
409 409
359 359
846 846
452 452
27 27
343 343
99 99
129 129
114 114
840 840
153 153
231 231
481 481
788 788
615 615
54 54
6 6
620 620
10 10
156 156
15 15
243 243
31 31
151 151
40 40
168 168
147 147
929 929
289 289
894 894
438 438
161 161
455 455
873 873
701 701
375 375
853 853
850
94 94
285 285
134 134
982 982
238 238
198 198
249 249
716 716
297 297
937 937
368 368
386 386
372 372
466 466
413 413
857 857
422 422
510 510
459 459
660 660
686 686
837 837
735 735
270 270
800 800
73
832 832
390 390
912 912
668 668
382 382
118 118
714 714
688
879 879
545 545
958 958
961 961
494 494
583 583
572 572
866 866
609 609
765 765
624 624
932 932
720 720
871 871
808 808
990 990
952 952
86 86
956 956
403 403
66 66
256 256
71 71
434 434
138 138
387
183 183
805 805
263 263
163 163
345 345
588
490 490
226 226
517 517
273 273
562 562
553 553
618 618
512 512
651 651
884 884
662 662
973 973
665 665
509
834 834
180 180
123 123
977 977
131 131
564 564
191 191
179
330 330
394 394
353 353
815
415 415
457
705 705
675 675
726 726
447 447
759 759
797 797
770 770
451
80 80
171 171
236 236
126 126
310 310
539
365 365
324 324
501 501
584
523 523
673 673
528 528
52 52
537 537
579 579
637 637
710 710
751 751
64 64
753 753
906
793 793
464 464
825 825
774 774
46 46
904 904
335 335
281
444 444
762 762
534 534
188 188
697 697
681 681
919 919
472
985 985
28
36 36
497
59 59
941 941
158 158
468
173 173
818 818
266 266
241
306 306
196
321 321
76 76
337 337
102 102
525 525
90
568 568
381
891 891
260
902 902
557
0 0
996 996
252 252
599 599
426 426
729
428 428
628 628
476 476
216
589 589
802
684 684
116 116
695 695
927 927
967 967
508
22
775
78
286
83
657 657
109
820
113
287
125
951
127
217
154
70
197
654
219
924
294
103
314
4
416
398 398
488
301
546
149
550
187
567
23
638
706
645
35
723
499
725
81
728
732
745
480
761
479
771
560
779
963
836
214 214
890
899
962
246 246
969
436
57 57
384 384
96 96
367
223 223
484 484
595 595
247
607 607
746
882 882
320
910 910
799
13
606
19
896
38
211
50
181
87
275
145
768
201
577 577
254
277
300
89
329
504
404
370
555
561
559
302
576
3
623
502
739
867
877
532
889
950
913
631 631
939
5
942
166
954
916 916
964
605
994
193
218 218
313
601 601
756
633 633
34
635 635
936
11
921
92
514
139
423
148
411
228
450
296
68 68
348
551
349
777
360
473
364
644
429
648
433
41
467
194
485
803
541
677
616
755
629
887
679
819
704
279
757
496 496
792
855
830
594
864
997
880
922
923
439
972
548 548
206 206
507
291 291
614
980 980
202
9
60
21
860
48
935
98
347
106
265
167
208
292
463
305
613
389
992
456
900
462
707
500
647
530
627
549
712
641
898 898
736
316
905
189
907
663
926
754
986
251
84 84
975
418 418
111
586 586
334
699 699
272
782 782
361
945 945
75
25
602
120
533
159
391
245
210
352
708
393
225
435
268
516
831
554
650
570
743
610
845
671
328
718
233
812
284
844
823
870
970
878
852
888
702
944
311
987
369
998
142
749 749
203
39
786
178
839
229
232
255
267
261
400
278
299
358
460
362
440
396
682
406
446
421
596
430
333
442
29
483
851
526
597
604
713
669
865
687
849
719
640
821
209
863
591
886
283
978
722
7
174
24
100
62
140
63
505
177
787
212
315
213
222
240
565
274
309
319
656
536
724
593
303
693
727
776
346
804
827
811
45
875
453
908
184
925
112
931
574
933
356
1
298
77
809
121
136
186
785
239
893
312
520
332
778
342
425
377
540
378
667
380
412
486
690
489
110
491
107
519
235
611
741
652
658
672
733
680
742
692
874
790
842
791
326
807
74
822
843
826
493
869
730
895
575
917
176
983
354
132
276
164
515
170
205
230
531
258
351
293
938
323
914
325
441
340
859
357
317
374
655
379
854
397
848
431
556
538
955
592
14
621
678
738
747
764
767
772
829
966
976
16
135
17
33
42
43
141
646
192
642
220
282
308
420
448
477
506
569
626
639
649
734
691
694
748
766
780
784
948
959
971
989
56
122
